0,45,47,50,61,62,69,123,124,125,126,127,128,189,198,226,227,229,230,231,232,233,234,235,236,237,280,290,291,295,297,301,334,336,355,374,388,391,396,397,398,405,407,408,422,429,521,614,615,618,619,620,650,656,668,676,722,742,745,746,747,797,833,834,835,845,914,915,916,917,918,919,920,921,922,923,924,925,926,927,928,929,930,931,932,933,934,995,1004,1005,1006,1007,1008,1009,1010,1011,1012,1013,1014,1018,1039,1042,1043,1046,1049,1082,1110,1119,1126,1129,1133,1152,1159,1191,1208,1227,1228,1255,1261,1315,1397,1398,1421,1434,1481,1482,1635,1651,1660,1665,1666,1667,1668,1669,1686,1694,1733,1842,1846,1852,1977,1978,1981,1992,1993
1,80,81,93,160,447,466,647,648,660,821,822,856,948,1060,1064,1065,1071,1073,1095,1148,1366,1367,1368,1369,1375,1376,1377,1379,1380,1381,1382,1383,1384,1385,1386,1415,1467,1470,1543,1567,1597,1598,1600,1601,1602,1677,1738,1759,1816,1817,1821,1840,1898,1911,1912,1948,1949,1971,1972,2007
2,3,265,449,583,629,630,631,853,854,1076,1521,1536,1537,1619,1819,2025
4,369,370,371,687,688,705,706,737,738,741,1047,1442,1443,1444,1445,1446,1512,1513,1515,1566,1569,1690,1700,1721,1786,1787,1788,1789,1790,1798,1804,1868,1924,1950,1951,1990,1991
5,7,64,147,155,165,179,185,196,217,239,254,255,256,264,273,292,338,339,340,403,410,434,499,500,501,532,536,543,547,599,600,601,602,616,617,623,669,700,739,785,786,787,788,789,803,804,805,806,807,808,809,810,811,812,824,947,949,952,957,958,959,1092,1098,1099,1100,1101,1102,1103,1104,1105,1143,1144,1163,1168,1169,1200,1201,1202,1203,1204,1205,1206,1214,1218,1219,1250,1262,1263,1264,1266,1268,1272,1320,1360,1362,1363,1364,1406,1437,1438,1439,1440,1441,1457,1458,1461,1480,1534,1535,1610,1615,1618,1670,1687,1725,1810,1827,1828,1829,1843,1853,1861,1862,1899,1940,1947,2032
6,122,158,164,171,172,178,203,210,211,216,257,278,303,309,311,318,342,352,353,395,415,431,451,453,454,456,458,472,491,502,531,546,590,591,592,593,594,605,625,626,627,636,637,638,639,640,641,643,777,780,792,800,802,910,1024,1025,1085,1086,1088,1089,1090,1093,1096,1123,1124,1130,1137,1138,1139,1140,1141,1158,1160,1188,1241,1256,1277,1313,1316,1321,1349,1350,1351,1416,1417,1422,1423,1424,1425,1426,1427,1436,1451,1452,1460,1462,1476,1522,1525,1526,1527,1545,1560,1561,1568,1576,1603,1607,1728,1747,1857,1885,1886,1887,1888,1901,1903,1933,1959,1961,1966,2000,2011,2019,2020,2021,2022,2035,2037,2038,2039,2040,2042
8,9,17,52,53,54,55,56,57,58,59,70,71,76,270,357,358,511,512,535,570,685,686,717,731,732,733,734,751,752,753,768,769,847,850,953,954,1023,1033,1303,1304,1327,1333,1334,1335,1346,1400,1418,1420,1468,1469,1533,1562,1563,1570,1695,1696,1806,1914
10,21,157,305,313,360,361,362,363,364,465,492,493,494,496,508,539,548,549,550,551,552,553,554,555,556,557,558,559,595,697,837,838,839,840,841,842,843,844,846,1053,1265,1331,1340,1388,1389,1390,1593,1594,1647,1648,1649,1691,1692,1763,1785,1831,1832,1833,1834,1835,1873,1953
11,12,30,31,39,66,107,108,109,110,111,112,113,114,115,116,149,197,240,354,437,438,446,495,497,498,504,505,564,567,581,584,665,678,698,799,863,939,940,1197,1198,1230,1309,1571,1583,1676,1681,1722,1729,1734,1761,1762,1784,1800,1801,1802,1803,1962,1995,1996,1997,1998
13,207,452,460,464,480,481,503,534,597,613,634,674,735,791,1132,1164,1189,1199,1239,1243,1244,1245,1246,1247,1319,1330,1352,1372,1428,1517,1549,1604,1605,1606,1689,1823,1915,1968,1969,2002,2005,2023,2030,2031
14,15,19,20,63,68,82,83,84,85,86,95,96,152,163,166,167,169,170,220,250,399,632,671,699,701,707,708,712,713,727,728,730,749,779,815,816,817,818,819,883,941,962,1083,1114,1145,1146,1147,1149,1150,1226,1322,1324,1325,1326,1353,1354,1355,1356,1357,1358,1359,1365,1391,1518,1519,1520,1860,1866,1942
16,46,49,392,1077,1125,1128,1464,1611,1737,1739,1869,1878
18,33,60,73,129,146,183,184,186,187,188,191,213,218,219,259,266,281,282,283,306,307,308,337,341,343,400,401,402,413,416,417,423,426,435,450,459,461,462,463,467,468,469,471,473,474,476,479,537,538,540,560,582,585,603,606,607,608,609,610,611,612,624,649,659,677,692,704,710,711,744,772,790,801,825,826,827,828,829,849,882,901,903,951,963,970,991,1001,1081,1097,1112,1122,1181,1184,1186,1215,1312,1314,1317,1323,1341,1419,1459,1483,1484,1485,1486,1487,1488,1489,1498,1544,1547,1548,1550,1551,1552,1620,1623,1634,1661,1662,1663,1664,1671,1672,1673,1674,1697,1704,1705,1706,1707,1708,1714,1715,1716,1717,1726,1727,1744,1749,1764,1765,1766,1767,1797,1799,1822,1826,1845,1854,1918,1919,1934,1952,1956,1957,1999,2003,2015,2024,2026,2041,2044
22,23,24,25,26,27,28,177,404,414,545,736,748,781,782,823,836,855,1036,1301,1308,1338,1339,1342,1343,1693
29,32,34,35,36,37,77,100,101,105,119,130,132,133,134,135,136,137,138,139,140,141,142,143,144,145,151,190,251,275,347,375,425,432,433,445,448,455,477,482,507,515,576,577,578,579,719,720,729,755,905,950,986,1017,1028,1029,1030,1032,1034,1040,1054,1084,1127,1166,1167,1170,1171,1172,1173,1174,1175,1176,1177,1178,1179,1180,1183,1209,1213,1216,1225,1259,1299,1311,1318,1392,1393,1394,1404,1405,1412,1449,1450,1465,1504,1532,1564,1574,1584,1585,1586,1587,1608,1609,1657,1680,1699,1731,1732,1760,1839,1841,1855,1856,1858,1859,1864,1875,1876,1881,1882,1904,1905,1909,1917,1954,1955,1970,1979
38,200,208,356,411,457,525,526,527,528,658,724,725,726,858,859,860,861,966,967,968,974,976,977,979,980,981,982,983,990,1151,1499,1718,1741,1748,1877,1891,1916,2001,2004
40,214,571,574,575,887,1224,1811,1812,1813,1814,1815,1910
41,42,43,75,117,156,159,161,162,173,181,192,194,201,205,206,260,261,262,263,267,268,269,335,344,346,409,430,470,475,524,569,589,621,622,642,673,709,794,813,820,864,865,870,871,872,885,886,908,909,961,1035,1055,1061,1062,1063,1066,1068,1069,1072,1078,1079,1080,1106,1113,1142,1182,1185,1211,1212,1220,1221,1222,1223,1234,1235,1236,1237,1238,1242,1260,1302,1306,1307,1332,1347,1361,1472,1475,1491,1492,1493,1494,1495,1496,1497,1509,1523,1554,1555,1558,1559,1572,1573,1575,1578,1579,1599,1621,1650,1685,1701,1702,1703,1719,1720,1758,1774,1775,1820,1847,1848,1849,1850,1863,1865,1870,1871,1890,1892,1893,1900,1913,1925,1927,1928,1929,1930,1931,1932,1935,1936,1937,1938,1939,1941,1960,1964,1965,1980,1982,1983,1984,1985,1986,1987,1988,1989,2013,2014,2028,2033,2047
44,51,87,89,90,91,92,176,180,182,193,195,202,209,271,272,284,285,286,287,288,289,293,294,296,298,299,300,312,359,406,418,419,420,436,490,506,541,542,566,568,586,587,588,635,644,645,646,651,652,653,654,655,657,662,663,664,672,684,693,703,714,715,716,718,743,750,754,756,793,852,857,862,866,867,868,869,873,874,875,876,877,878,879,880,881,888,889,890,891,906,911,912,935,944,945,946,960,964,985,987,988,989,994,1000,1002,1003,1020,1026,1027,1041,1050,1059,1067,1111,1134,1135,1161,1162,1190,1249,1269,1270,1271,1274,1278,1279,1280,1295,1296,1297,1298,1305,1310,1336,1337,1348,1370,1373,1374,1378,1387,1402,1403,1413,1473,1479,1501,1502,1503,1505,1506,1507,1508,1510,1511,1514,1528,1538,1540,1541,1557,1565,1581,1616,1617,1656,1678,1679,1683,1684,1698,1730,1735,1736,1742,1745,1750,1771,1776,1777,1778,1779,1780,1781,1796,1824,1838,1844,1896,1907,1926,1967,1974,1975,1976,2027,2029
48,204,372,373,376,377,378,379,380,381,382,383,384,385,386,387,389,390,565,1037,1038
65,212,279,310,314,315,421,427,561,562,563,892,893,894,895,896,897,898,899,902,942,1019,1187,1429,1453,1454,1455,1456,1577,1580,1590,1596,1768,1791,1792,1793,1825,1994,2034,2043,2045
67,118,153,168,241,242,243,244,245,246,247,248,249,252,253,345,483,484,485,486,487,573,757,758,759,760,761,762,763,764,765,766,767,770,848,1048,1074,1075,1094,1232,1233,1248,1275,1276,1371,1471,1474,1539,1612,1613,1614,1682,1805,1897
72,79,88,228,274,317,322,324,325,326,327,328,329,330,331,332,633,783,784,900,904,973,1210,1229,1240,1257,1258,1282,1300,1328,1329,1407,1408,1591,1592,1622,1625,1636,1675,1830,1867,1920,1921,1922,1923
74,94,148,238,365,367,412,489,509,510,522,523,572,628,796,798,913,943,1015,1056,1057,1120,1251,1252,1253,1254,1273,1283,1409,1410,1411,1414,1490,1500,1516,1652,1653,1654,1655,1658,1659,1783,2012
78,97,98,99,154,222,223,224,276,277,304,316,319,320,321,323,348,349,350,351,424,488,519,529,530,533,596,598,670,814,884,907,965,969,971,972,975,978,984,996,1031,1051,1052,1091,1109,1121,1165,1192,1193,1194,1195,1196,1207,1231,1281,1293,1344,1345,1524,1542,1546,1688,1709,1710,1711,1712,1713,1740,1772,1773,1794,1795,1807,1808,1809,1883,1884,1902,1963,2036,2048
102,103,104,366,368,851,936,937,938,955,956,1136,1217,1267,1399,1401,1477,1478,1556,1626,1627,1628,1629,1630,1631,1632,1751,1752,1753,1754,1755,1756,1757,1782,1906,1908
106,150,333,428,439,440,441,442,443,444,580,666,667,675,721,771,778,795,1016,1058,1447,1943,1944,1945,1946
120,121,174,175,679,680,681,682,683,1021,1022,1044,1045,1466,1582,1588,1589,1633,1743,1872,1874,1973,2006,2008,2009,2010,2046
131,258,302,393,394,702,723,740,997,998,999,1070,1087,1284,1285,1286,1287,1288,1289,1290,1291,1292,1294,1433,1463,1529,1530,1531,1553,1624,1637,1638,1639,1640,1641,1642,1643,1644,1645,1646,1889,1894,1895,1958,2016,2018
199,215,773,774,775,776,1430,1431,1432,1723,1724
221,513,514,516,517,518,520,604,661,992,993,1395,1396,1448,1746,1769,1851
225,689,690,691,694,695,696,1153,1154,1155,1156,1157,1770
478,1131,1435,1595,1818,1879,1880,2017
544,830,831,832,1107,1108,1836,1837
1115,1116,1117,1118
